Entity Class:	Type1
Precision:	0.9239766081871345
Recall:		0.8359788359788359
F1-score:	0.8777777777777777

Entity Class:	Type2
Precision:	0.9473684210526315
Recall:		0.75
F1-score:	0.8372093023255814

Entity Class:	Type3
Precision:	0.8264642082429501
Recall:		0.9719387755102041
F1-score:	0.8933177022274326

Entity Class:	Type4
Precision:	0.8888888888888888
Recall:		0.5333333333333333
F1-score:	0.6666666666666667

Entity Class:	Type5
Precision:	0.9117647058823529
Recall:		0.5535714285714286
F1-score:	0.6888888888888888

-------------------------------------
Weighted-F1:	0.8678050176956592